TEstti2222


fu= 33;